ID:1 N:1000 T:20
Sell Sequence: 204 167 136 110 88 70 55 44 34 26 20 15 12 9 6 4 0 0 0 0
Price Sequence: 0.988014 0.978124 0.969985 0.963316 0.957899 0.953515 0.950002 0.947139 0.944875 0.943102 0.941704 0.940626 0.939746 0.939067 0.938596 0.938269 0.938269 0.938269 0.938269 0.938269
ID:2 N:500 T:30
Sell Sequence: 111 89 71 56 44 34 26 20 14 11 8 5 4 2 2 1 1 1 0 0 0 0 0 0 0 0 0 0 0 0
Price Sequence: 0.993069 0.987427 0.98285 0.979169 0.976218 0.973886 0.972058 0.970617 0.969573 0.968734 0.968104 0.967692 0.967355 0.967175 0.966994 0.966898 0.966801 0.966704 0.966704 0.966704 0.966704 0.966704 0.966704 0.966704 0.966704 0.966704 0.966704 0.966704 0.966704 0.966704
ID:3 N:500 T:20
Sell Sequence: 111 89 71 56 44 34 26 20 15 11 8 6 4 3 2 0 0 0 0 0
Price Sequence: 0.993069 0.987427 0.98285 0.979169 0.976218 0.973886 0.972058 0.970617 0.969506 0.968667 0.968038 0.967552 0.967215 0.966955 0.966775 0.966775 0.966775 0.966775 0.966775 0.966775
ID:0 N:1000 T:30
Sell Sequence: 204 167 136 109 88 70 55 43 34 26 19 14 11 8 5 4 2 2 1 1 1 0 0 0 0 0 0 0 0 0
Price Sequence: 0.988014 0.978124 0.969985 0.963371 0.957953 0.953569 0.950056 0.947251 0.944987 0.943214 0.941879 0.940866 0.940051 0.939441 0.939041 0.938714 0.938539 0.938363 0.93827 0.938176 0.938082 0.938082 0.938082 0.938082 0.938082 0.938082 0.938082 0.938082 0.938082 0.938082
ID:4 N:500 T:30
Sell Sequence: 82 73 64 56 47 40 33 26 21 16 12 9 7 5 3 2 1 1 1 1 0 0 0 0 0 0 0 0 0 0
Price Sequence: 0.947224 0.902201 0.864106 0.831751 0.805151 0.782881 0.764669 0.750315 0.738694 0.729737 0.722907 0.717684 0.713549 0.710512 0.708602 0.707279 0.706572 0.705866 0.70516 0.704455 0.704455 0.704455 0.704455 0.704455 0.704455 0.704455 0.704455 0.704455 0.704455 0.704455
ID:5 N:500 T:20
Sell Sequence: 82 73 64 56 47 40 33 26 21 17 13 9 7 5 4 3 0 0 0 0
Price Sequence: 0.947224 0.902201 0.864106 0.831751 0.805151 0.782881 0.764669 0.750315 0.738694 0.729235 0.7219 0.716684 0.712554 0.709521 0.707051 0.70515 0.70515 0.70515 0.70515 0.70515
ID:7 N:1000 T:20
Sell Sequence: 120 113 105 97 89 80 71 62 54 46 39 32 26 21 16 13 10 6 0 0
Price Sequence: 0.925653 0.860457 0.803729 0.754388 0.711529 0.674803 0.64352 0.617113 0.594751 0.576095 0.560519 0.547836 0.537553 0.529227 0.52281 0.517551 0.51344 0.510865 0.510865 0.510865
ID:8 N:500 T:30
Sell Sequence: 0 0 0 0 0 0 0 497 2 1 0 0 0 0 0 0 0 0 0 0 0 0 0 0 0 0 0 0 0 0
Price Sequence: 1 1 1 1 1 1 1 0.37894 0.337309 0.313929 0.313929 0.313929 0.313929 0.313929 0.313929 0.313929 0.313929 0.313929 0.313929 0.313929 0.313929 0.313929 0.313929 0.313929 0.313929 0.313929 0.313929 0.313929 0.313929 0.313929
ID:9 N:500 T:20
Sell Sequence: 493 6 1 0 0 0 0 0 0 0 0 0 0 0 0 0 0 0 0 0
Price Sequence: 0.317721 0.249713 0.230673 0.230673 0.230673 0.230673 0.230673 0.230673 0.230673 0.230673 0.230673 0.230673 0.230673 0.230673 0.230673 0.230673 0.230673 0.230673 0.230673 0.230673
ID:6 N:1000 T:30
Sell Sequence: 120 113 105 97 88 79 71 62 53 45 38 31 25 20 15 11 9 6 4 3 2 1 1 1 0 0 0 0 0 0
Price Sequence: 0.925653 0.860457 0.803729 0.754388 0.711963 0.675628 0.644307 0.617868 0.595851 0.577527 0.562273 0.549909 0.539945 0.531941 0.525855 0.521304 0.517538 0.514942 0.513149 0.51177 0.510815 0.510304 0.509793 0.509284 0.509284 0.509284 0.509284 0.509284 0.509284 0.509284
ID:11 N:1000 T:20
Sell Sequence: 619 354 26 1 0 0 0 0 0 0 0 0 0 0 0 0 0 0 0 0
Price Sequence: 0.164136 0.0388387 0.0221979 0.0201977 0.0201977 0.0201977 0.0201977 0.0201977 0.0201977 0.0201977 0.0201977 0.0201977 0.0201977 0.0201977 0.0201977 0.0201977 0.0201977 0.0201977 0.0201977 0.0201977
ID:12 N:500 T:30
Sell Sequence: 0 0 0 0 0 0 0 0 335 155 9 1 0 0 0 0 0 0 0 0 0 0 0 0 0 0 0 0 0 0
Price Sequence: 1 1 1 1 1 1 1 1 0.185604 0.0543858 0.0368539 0.0332776 0.0332776 0.0332776 0.0332776 0.0332776 0.0332776 0.0332776 0.0332776 0.0332776 0.0332776 0.0332776 0.0332776 0.0332776 0.0332776 0.0332776 0.0332776 0.0332776 0.0332776 0.0332776
ID:13 N:500 T:20
Sell Sequence: 227 194 74 4 1 0 0 0 0 0 0 0 0 0 0 0 0 0 0 0
Price Sequence: 0.185598 0.0387993 0.013672 0.0103713 0.00929302 0.00929302 0.00929302 0.00929302 0.00929302 0.00929302 0.00929302 0.00929302 0.00929302 0.00929302 0.00929302 0.00929302 0.00929302 0.00929302 0.00929302 0.00929302
ID:10 N:1000 T:30
Sell Sequence: 0 0 0 0 0 0 0 0 894 104 1 1 0 0 0 0 0 0 0 0 0 0 0 0 0 0 0 0 0 0
Price Sequence: 1 1 1 1 1 1 1 1 0.184381 0.0814088 0.0746374 0.0684293 0.0684293 0.0684293 0.0684293 0.0684293 0.0684293 0.0684293 0.0684293 0.0684293 0.0684293 0.0684293 0.0684293 0.0684293 0.0684293 0.0684293 0.0684293 0.0684293 0.0684293 0.0684293
ID:15 N:1000 T:20
Sell Sequence: 103 103 103 103 103 103 103 102 95 66 14 1 1 0 0 0 0 0 0 0
Price Sequence: 0.210454 0.0442907 0.00932113 0.00196167 0.00041284 8.68835e-05 1.82849e-05 3.87817e-06 8.68945e-07 2.47825e-07 1.33734e-07 1.17976e-07 1.04074e-07 1.04074e-07 1.04074e-07 1.04074e-07 1.04074e-07 1.04074e-07 1.04074e-07 1.04074e-07
ID:14 N:1000 T:30
Sell Sequence: 0 0 0 0 0 0 0 152 152 152 152 149 138 90 14 1 0 0 0 0 0 0 0 0 0 0 0 0 0 0
Price Sequence: 1 1 1 1 1 1 1 0.19513 0.0380757 0.00742971 0.00144976 0.000287485 6.0511e-05 1.68379e-05 9.54226e-06 8.48399e-06 8.48399e-06 8.48399e-06 8.48399e-06 8.48399e-06 8.48399e-06 8.48399e-06 8.48399e-06 8.48399e-06 8.48399e-06 8.48399e-06 8.48399e-06 8.48399e-06 8.48399e-06 8.48399e-06
